1
2
3
4
5
6
7
8
9
10
11
12
13
14
15
16
17
18
19
20
21
22
23
24
25
26
27
28
29
30
31
32
33
34
35
36
37
38
39
40
41
42
43
44
45
46
47
48
49
50
51
52
53
54
55
56
57
58
59
60
61
62
63
64
65
66
67
68
69
70
71
72
73
74
75
76
77
78
79
80
81
82
83
84
85
86
87
88
89
90
91
92
93
94
95
96
97
98
99
100
102
103
104
106
107
112
202
203
204
205
207
208
211
225
232
241
244
256
280
293
302
304
305
306
310
311
313
318
319
322
336
341
347
349
360
364
365
378
380
400
402
403
404
405
406
409
411
414
417
420
424
427
429
443
444
456
458
460
464
465
468
471
472
476
479
482
483
484
486
488
491
496
497
