301
303
307
308
309
312
313
315
316
317
320
321
323
324
325
326
327
328
329
330
331
332
334
335
337
338
339
340
342
343
344
345
346
347
348
350
351
352
353
354
355
356
357
358
359
362
363
366
367
369
370
371
372
373
374
376
377
378
379
381
382
383
384
385
386
387
388
389
390
392
393
394
395
396
397
398
399
401
403
404
405
406
407
408
409
410
411
412
413
414
415
416
417
418
419
420
421
422
423
424
425
426
427
428
430
432
433
435
436
437
438
439
440
441
443
444
445
446
447
448
449
450
451
452
454
455
457
459
460
461
462
463
464
466
467
468
469
470
471
472
473
475
476
477
478
480
481
482
485
486
487
489
490
491
492
493
494
495
496
497
498
500
